16
17
18
27
335
336
337
338
499
500
501
566
567
569
570
571
572
573
574
575
576
589
590
591
592
605
623
624
625
626
627
628
629
630
667
668
669
670
671
672
673
674
679
680
681
682
683
688
691
692
693
694
702
703
704
705
706
707
708
713
714
715
723
724
725
730
731
732
733
738
739
797
798
799
802
942
1087
1088
1092
1429
1430
1471
1472
1473
1570
1571
1574
1575
1584
1585
1586
1587
1596
1600
1601
1602
1603
1605
1606
1607
1609
1641
1642
1643
1644
1649
1684
1685
1699
1707
1708
1752
1753
1754
1755
1756
1757
1766
1767
1798
1800
1811
1812
1813
1814
1815
1816
1817
1818
1819
1820
1821
1823
1824
1863
1868
1869
1871
1872
1895
1961
1962
1982
1983
1984
1985
2000
2001
2002
2003
2009
2010
2011
2012
2017
2018
2019
2020
2021
2022
2023
2024
2030
2034
2047
2048
2049
2050
2051
2052
2053
2054
2055
2056
2058
2059
2060
2061
2062
2063
2064
2065
2066
2067
2068
2069
2070
2071
2072
2073
2074
2075
2076
2077
2078
2079
2080
2081
2082
2083
2084
2086
2087
2088
2089
2090
2091
2092
2093
2094
2095
2096
2097
2098
2099
2100
2101
2102
2106
2116
2117
2120
2121
2123
2124
2134
2135
2136
2137
2138
2139
2140
2141
2142
2143
2153
2159
2160
2161
2165
2166
2167
2168
2176
2177
2178
2179
2180
2181
2182
2183
2184
2185
2186
2187
2188
2189
2192
2193
2194
2195
2196
2197
2198
2199
2202
2203
2204
2205
2206
2207
2212
2213
2214
2215
2220
2221
2256
2257
2258
2259
2320
2321
2322
2399
2400
2401
2544
2545
2566
2567
2568
2574
2578
2608
2609
2610
2706
2707
2710
2711
2720
2721
2722
2723
2732
2733
2734
2735
2736
2737
2738
2739
2741
2742
2758
2759
2760
2761
2766
2801
2802
2816
2822
2823
2824
2825
2867
2868
2874
2875
2876
2877
2901
2903
2920
2921
2922
2925
2946
2951
2952
2953
2954
2973
3057
3058
3059
3060
3061
3062
3063
3064
3068
3070
3078
3079
3080
3081
3082
3083
3084
3085
3086
3087
3088
3089
3090
3091
3093
3094
3095
3096
3097
3098
3099
3101
3102
3103
3104
3105
3106
3107
3108
3109
3110
3111
3112
3113
3114
3115
3116
3117
3118
3119
3120
3121
3122
3123
3124
3125
3126
3127
3128
3129
3133
3134
3135
3143
3144
3147
3153
3154
3155
3156
3157
3158
3159
3160
3161
3162
3165
3171
3172
3173
3381
3382
3383
3384
3385
3386
3387
3388
3389
3390
3391
3392
3393
3394
3395
3396
3397
3398
3399
3400
3401
3402
3403
3404
3405
3406
3407
3408
3409
3410
3411
3412
3413
3414
3415
3416
3417
3418
3419
3425
3426
3427
3428
3429
3430
3431
3432
3433
3434
3435
3436
3437
3438
3439
3440
3441
3442
3443
3444
3445
3455
3456
3457
3464
3465
3466
3467
3468
3469
3470
3471
3472
3473
3474
3475
3476
3477
3478
3479
3480
3481
3482
3483
3484
3485
3486
3487
3489
3495
3499
3501
3505
3508
3516
3518
3520
3521
3524
3526
3540
3542
3548
3550
3553
3554
3555
3560
3561
3563
3564
3572
3577
3578
3579
3580
3581
3582
3583
3584
3587
3588
3591
3593
3594
3595
3596
3598
3599
3600
3601
3602
3604
3605
3606
3609
3610
3611
3614
3617
3618
3622
3623
3624
3625
3626
3628
3629
3630
3633
3634
3635
3636
3637
3643
3647
3648
3653
3654
3655
3656
3657
3658
3659
3660
3662
3663
3665
3666
3667
3668
3670
3671
3672
3673
3676
3677
3678
3683
3684
3701
3703
3704
3705
3706
3708
3710
3711
3712
3714
3715
3716
3717
3718
3720
3721
3722
3724
3725
3726
3727
3728
3729
3730
3731
3732
3733
3734
3735
3737
3738
3739
3740
3741
3742
3744
3745
3747
3748
3751
3752
3753
3754
3756
3757
3763
3764
3766
3767
3770
3773
3782
3784
3786
3788
3789
3791
3795
3811
3814
3816
3819
3820
3821
3822
3825
3826
3830
3834
3838
3841
3842
3844
3846
3849
3850
3851
3859
3863
3864
3865
3868
3869
3871
3872
3874
3876
3878
3880
3885
3888
3891
3892
3899
3902
3907
3908
3912
3913
